4262
4263
4247
4263
385
4263
4261
4262
4230
4262
4259
4260
4245
4260
3859
4260
4258
4259
1264
4259
4257
4258
3855
4258
4256
4257
1266
4257
4255
4256
398
4256
4254
4255
812
4255
4253
4254
395
4254
4252
4253
1718
4253
4251
4252
391
4252
4250
4251
1716
4251
4249
4250
389
4250
4248
4249
1714
4249
4247
4248
387
4248
1712
4247
4245
4246
4243
4246
3862
4246
1262
4245
4243
4244
4241
4244
3864
4244
1260
4243
4241
4242
4239
4242
3866
4242
1258
4241
4239
4240
4237
4240
3868
4240
3421
4239
4237
4238
4235
4238
3901
4238
1681
4237
4235
4236
4233
4236
3886
4236
1679
4235
4233
4234
4231
4234
3888
4234
1677
4233
4231
4232
4192
4232
3890
4232
833
4231
4229
4230
383
4230
4228
4229
1741
4229
4227
4228
381
4228
4226
4227
1704
4227
4225
4226
379
4226
4224
4225
376
4225
4223
4224
375
4224
4222
4223
4221
4222
373
4222
4220
4221
3871
4221
4219
4220
2949
4220
4218
4219
871
4219
4217
4218
2946
4218
4216
4217
869
4217
4215
4216
2942
4216
4214
4215
4213
4215
4212
4213
2939
4213
4211
4212
865
4212
4210
4211
2935
4211
4209
4210
4208
4210
4207
4209
4206
4208
2933
4208
4205
4207
4205
4206
4204
4206
4203
4204
2931
4204
4202
4203
2572
4203
4201
4202
2929
4202
4200
4201
4199
4201
4198
4200
4197
4199
2927
4199
4196
4198
4196
4197
4195
4197
4194
4195
2924
4195
4193
4194
2536
4194
4192
4193
2920
4193
2563
4192
4190
4191
4175
4191
1606
4191
4189
4190
4158
4190
4187
4188
4173
4188
4186
4187
3381
4187
4185
4186
1243
4186
4184
4185
3385
4185
4183
4184
1241
4184
4182
4183
1644
4183
4181
4182
1238
4182
4180
4181
1642
4181
4179
4180
1236
4180
4178
4179
3391
4179
4177
4178
4176
4177
2930
4177
4175
4176
1603
4175
4173
4174
4171
4174
3379
4173
4171
4172
4169
4172
1255
4172
1589
4171
4169
4170
4167
4170
1273
4170
374
4169
4167
4168
4165
4168
1275
4168
2970
4167
4165
4166
4163
4166
4162
4166
2972
4165
4163
4164
4161
4164
796
4164
2065
4163
4161
4162
4159
4162
799
4161
4159
4160
4116
4160
1278
4159
4157
4158
3766
4158
4156
4157
3397
4157
4155
4156
3764
4156
4154
4155
3395
4155
4153
4154
3799
4154
4152
4153
3393
4153
4151
4152
3801
4152
4150
4151
3425
4151
4149
4150
3803
4150
4148
4149
4147
4149
4146
4148
4145
4147
3805
4147
4144
4146
4144
4145
4143
4145
4142
4143
3807
4143
4141
4142
4140
4141
3809
4141
4139
4140
3366
4140
4138
4139
3811
4139
4137
4138
1631
4138
4136
4137
3813
4137
4135
4136
4134
4136
4133
4135
4132
4134
3827
4134
4131
4133
4131
4132
4130
4132
4129
4130
792
4130
4128
4129
4127
4129
4126
4128
4125
4127
806
4127
4124
4126
4124
4125
4123
4125
4122
4123
804
4123
4121
4122
2966
4122
4120
4121
802
4121
4119
4120
4118
4120
4117
4119
4116
4118
800
4118
4115
4117
4115
4116
4113
4114
4098
4114
1948
4114
4112
4113
4081
4113
4110
4111
4096
4111
3728
4111
4109
4110
2825
4110
4108
4109
1975
4109
4107
4108
2823
4108
4106
4107
1973
4107
4105
4106
3218
4106
4104
4105
1971
4105
4103
4104
2360
4104
4102
4103
1969
4103
4101
4102
2358
4102
4100
4101
1984
4101
4099
4100
1111
4100
4098
4099
1951
4099
1109
4098
4096
4097
4094
4097
1977
4097
3220
4096
4094
4095
4092
4095
1979
4095
266
4094
4092
4093
4090
4093
265
4093
1141
4092
4090
4091
4088
4091
263
4091
2829
4090
4088
4089
4086
4089
261
4089
2831
4088
4086
4087
4084
4087
259
4087
2833
4086
4084
4085
4082
4085
223
4085
2835
4084
4082
4083
4043
4083
226
4083
2821
4082
4080
4081
1946
4081
4079
4080
1105
4080
4078
4079
1944
4079
4077
4078
1103
4078
4076
4077
257
4077
4075
4076
4074
4075
255
4075
4073
4074
4072
4074
4071
4073
4070
4072
253
4072
4069
4071
4069
4070
4068
4070
4067
4068
251
4068
4066
4067
3695
4067
4065
4066
249
4066
4064
4065
3693
4065
4063
4064
246
4064
4062
4063
4061
4063
4060
4061
242
4061
4059
4060
4058
4060
4057
4059
4056
4058
240
4058
4055
4057
4055
4056
4054
4056
4053
4054
238
4054
4052
4053
2809
4053
4051
4052
236
4052
4050
4051
2811
4051
4049
4050
234
4050
4048
4049
2813
4049
4047
4048
232
4048
4046
4047
2815
4047
4045
4046
230
4046
4044
4045
2817
4045
4043
4044
228
4044
2819
4043
4041
4042
4026
4042
1921
4042
4040
4041
4009
4041
4038
4039
4024
4039
1936
4039
4037
4038
4036
4037
1934
4037
4035
4036
2741
4036
4034
4035
1932
4035
4033
4034
3656
4034
4032
4033
1930
4033
4031
4032
1520
4032
4030
4031
1928
4031
4029
4030
1518
4030
4028
4029
1925
4029
4027
4028
1516
4028
4026
4027
1923
4027
1514
4026
4024
4025
4022
4025
1938
4025
2343
4024
4022
4023
4020
4023
1940
4023
3141
4022
4020
4021
4018
4021
275
4021
3143
4020
4018
4019
4016
4019
279
4019
3145
4018
4016
4017
4014
4017
281
4017
3147
4016
4014
4015
4012
4015
283
4015
3149
4014
4012
4013
4010
4013
285
4013
3151
4012
4010
4011
3973
4011
287
4011
3153
4010
4008
4009
3601
4009
4007
4008
4006
4007
3616
4007
4005
4006
4004
4006
4003
4005
4002
4004
3583
4004
4001
4003
4001
4002
4000
4002
3999
4000
3581
4000
3998
3999
3637
3999
3997
3998
3579
3998
3996
3997
3635
3997
3995
3996
3577
3996
3994
3995
1444
3995
3993
3994
3575
3994
3992
3993
3991
3992
3572
3992
3990
3991
1962
3991
3989
3990
3568
3990
3988
3989
625
3989
3987
3988
3566
3988
3986
3987
3985
3986
3564
3986
3984
3985
628
3985
3983
3984
3562
3984
3982
3983
1471
3983
3981
3982
3560
3982
3980
3981
3559
3981
3979
3980
3558
3980
3978
3979
3157
3979
3977
3978
3556
3978
3976
3977
3975
3977
3974
3976
3973
3975
3554
3975
3972
3974
3972
3973
3970
3971
3955
3971
3115
3971
3969
3970
3938
3970
3967
3968
3953
3968
1468
3968
3966
3967
3122
3967
3965
3966
204
3966
3964
3965
3118
3965
3963
3964
219
3964
3962
3963
2730
3963
3961
3962
186
3962
3960
3961
2728
3961
3959
3960
184
3960
3958
3959
2726
3959
3957
3958
182
3958
3956
3957
2724
3957
3955
3956
180
3956
1473
3955
3953
3954
3951
3954
1433
3953
3951
3952
3949
3952
1896
3952
590
3951
3949
3950
3947
3950
1894
3950
592
3949
3947
3948
3945
3948
200
3948
594
3947
3945
3946
3943
3946
198
3946
1075
3945
3943
3944
3941
3944
196
3944
1077
3943
3941
3942
3939
3942
192
3942
1063
3941
3939
3940
3902
3940
190
3940
1061
3939
3937
3938
3113
3938
3936
3937
3933
3937
3935
3936
3111
3936
3934
3935
1475
3935
3933
3934
3126
3934
3932
3933
3931
3932
3093
3932
3930
3931
172
3931
3929
3930
3091
3930
3928
3929
3927
3929
3926
3928
3925
3927
3089
3927
3924
3926
3924
3925
3923
3925
3922
3924
3921
3923
3086
3923
3920
3922
3920
3921
3919
3921
3918
3919
3082
3919
3917
3918
2267
3918
3916
3917
3080
3917
3915
3916
2265
3916
3914
3915
3078
3915
3913
3914
2310
3914
3912
3913
3076
3913
3911
3912
2312
3912
3910
3911
3074
3911
3909
3910
2314
3910
3908
3909
3072
3909
3907
3908
2316
3908
3906
3907
3070
3907
3905
3906
993
3906
3904
3905
3068
3905
3903
3904
1854
3904
3902
3903
3066
3903
1059
3902
3900
3901
3885
3901
3899
3900
3868
3900
3897
3898
3883
3898
1764
3898
3896
3897
3441
3897
3895
3896
1762
3896
3894
3895
3439
3895
3893
3894
1760
3894
3892
3893
3437
3893
3891
3892
3890
3891
3435
3891
3889
3890
3888
3889
837
3889
3887
3888
3886
3887
1675
3887
3885
3886
3429
3885
3883
3884
3881
3884
2988
3884
3443
3883
3881
3882
3879
3882
2990
3882
3444
3881
3879
3880
3877
3880
2994
3880
3461
3879
3877
3878
3875
3878
2620
3878
2528
3877
3875
3876
3873
3876
2526
3875
3873
3874
3871
3874
1752
3874
3463
3873
3871
3872
3869
3872
874
3872
3869
3870
3831
3870
860
3870
1749
3869
3867
3868
3866
3867
2553
3867
3865
3866
3864
3865
2551
3865
3863
3864
3862
3863
2588
3863
3861
3862
3860
3861
3859
3861
3858
3860
3857
3859
3856
3858
3856
3857
3855
3857
3854
3855
3853
3854
492
3854
3852
3853
3851
3852
494
3852
3850
3851
3849
3850
508
3850
3848
3849
3847
3848
2600
3848
3846
3847
3845
3846
2602
3846
3844
3845
3843
3844
852
3844
3842
3843
1744
3843
3841
3842
2616
3842
3840
3841
854
3841
3839
3840
3838
3840
3837
3839
3836
3838
856
3838
3835
3837
3835
3836
3834
3836
3833
3834
1746
3834
3832
3833
1745
3833
3831
3832
858
3832
2608
3831
3829
3830
3814
3830
1598
3830
3828
3829
3797
3829
3826
3827
3812
3827
3825
3826
2450
3826
3824
3825
2453
3825
3823
3824
1623
3824
3822
3823
3821
3822
2452
3822
3820
3821
2457
3821
3819
3820
3818
3819
1635
3819
3817
3818
3816
3817
1602
3817
3815
3816
801
3816
3814
3815
1600
3815
3812
3813
3810
3813
2958
3812
3810
3811
3808
3811
786
3810
3808
3809
3806
3809
783
3808
3806
3807
3804
3807
781
3806
3804
3805
3802
3805
2117
3804
3802
3803
3800
3803
2119
3802
3800
3801
3798
3801
2121
3800
3798
3799
3763
3799
2431
3798
3796
3797
1596
3797
3795
3796
3794
3795
1594
3795
3793
3794
1593
3794
3792
3793
1592
3793
3791
3792
2060
3792
3790
3791
1590
3791
3789
3790
2058
3790
3788
3789
1588
3789
3787
3788
2056
3788
3786
3787
1585
3787
3785
3786
2054
3786
3784
3785
1581
3785
3783
3784
3782
3784
3781
3783
3780
3782
1579
3782
3779
3781
3779
3780
3778
3780
3777
3778
759
3778
3776
3777
410
3777
3775
3776
755
3776
3774
3775
412
3775
3773
3774
753
3774
3772
3773
414
3773
3771
3772
750
3772
3770
3771
3769
3770
746
3770
3768
3769
1233
3769
3767
3768
743
3768
3766
3767
1231
3767
3765
3766
3764
3765
1607
3765
3763
3764
2902
3763
3761
3762
3746
3762
315
3762
3760
3761
3729
3761
3758
3759
3744
3759
231
3759
3757
3758
348
3758
3756
3757
3755
3756
3254
3756
3754
3755
3753
3754
3252
3754
3752
3753
3751
3752
3248
3752
3750
3751
3749
3750
258
3750
3748
3749
322
3749
3747
3748
681
3748
3746
3747
318
3747
679
3746
3744
3745
3742
3745
350
3744
3742
3743
3740
3743
2036
3743
352
3742
3740
3741
3738
3741
355
3741
3273
3740
3738
3739
3736
3739
357
3739
2033
3738
3736
3737
3734
3737
359
3737
237
3736
3734
3735
3732
3735
361
3735
2878
3734
3732
3733
3730
3733
347
3733
2840
3732
3730
3731
3691
3731
345
3731
2842
3730
3728
3729
311
3729
3727
3728
3726
3727
309
3727
3725
3726
2373
3726
3724
3725
307
3725
3723
3724
3722
3723
305
3723
3721
3722
3720
3722
3719
3720
303
3720
3718
3719
1199
3719
3717
3718
3324
3718
3716
3717
3715
3717
3714
3716
3713
3715
301
3715
3712
3714
3712
3713
3711
3713
3710
3711
299
3711
3709
3710
2797
3710
3708
3709
296
3709
3707
3708
2793
3708
3706
3707
292
3707
3705
3706
3704
3706
3703
3705
3702
3704
333
3704
3701
3703
3701
3702
3700
3702
3699
3700
335
3700
3698
3699
706
3699
3697
3698
337
3698
3696
3697
708
3697
3695
3696
339
3696
3694
3695
3693
3694
341
3694
3692
3693
3691
3692
343
3692
2844
3691
3689
3690
3674
3690
1094
3690
3688
3689
3657
3689
3686
3687
3672
3687
644
3687
3685
3686
1945
3686
3684
3685
3683
3684
1491
3684
3682
3683
642
3683
3681
3682
1941
3682
3680
3681
3679
3680
1937
3680
3678
3679
3677
3678
617
3678
3676
3677
3675
3676
613
3676
3674
3675
1526
3674
3672
3673
3670
3673
646
3673
278
3672
3670
3671
3668
3671
648
3671
3668
3669
3666
3669
650
3669
1968
3668
3666
3667
3664
3667
1134
3667
3555
3666
3664
3665
3662
3665
1136
3665
3155
3664
3662
3663
3660
3663
636
3663
3557
3662
3660
3661
3658
3661
634
3661
1137
3660
3658
3659
3617
3659
1138
3659
3561
3658
3656
3657
1091
3657
3655
3656
3654
3655
1087
3655
3653
3654
3652
3654
3651
3653
3650
3652
1085
3652
3649
3651
3649
3650
3648
3650
3647
3648
1083
3648
3646
3647
1463
3647
3645
3646
1118
3646
3644
3645
1461
3645
3643
3644
1120
3644
3642
3643
3600
3643
3641
3642
1122
3642
3640
3641
3639
3640
1124
3640
3638
3639
3637
3638
1126
3638
3636
3637
3635
3636
1128
3636
3634
3635
3633
3634
1130
3634
3632
3633
3631
3633
3630
3632
3629
3631
1132
3631
3628
3630
3628
3629
3627
3629
3626
3627
1146
3627
3625
3626
3624
3626
3623
3625
3622
3624
1144
3624
3621
3623
3621
3622
3620
3622
3619
3620
1142
3620
3618
3619
3565
3619
3617
3618
1140
3618
3563
3617
3615
3616
3600
3616
3614
3615
3583
3615
3612
3613
3598
3613
1484
3613
3611
3612
615
3612
3610
3611
3609
3610
2743
3610
3608
3609
3607
3608
3606
3607
2325
3607
3605
3606
3604
3605
2339
3605
3603
3604
3602
3603
2337
3603
3601
3602
1459
3602
3600
3601
3598
3599
3596
3599
1486
3599
2739
3598
3596
3597
3594
3597
1488
3597
2699
3596
3594
3595
3592
3595
1490
3595
2701
3594
3592
3593
3590
3593
1492
3593
2703
3592
3590
3591
3588
3591
1494
3591
1872
3590
3588
3589
3586
3589
3586
3587
3584
3587
3549
3586
3584
3585
3549
3585
1947
3584
3582
3583
3581
3582
1952
3582
3580
3581
3579
3580
1508
3580
3578
3579
3577
3578
1506
3578
3576
3577
3575
3576
1504
3576
3574
3575
3573
3574
3572
3574
3571
3573
3570
3572
3569
3571
3569
3570
3568
3570
3567
3568
3566
3567
1532
3567
3565
3566
3564
3565
3563
3564
3562
3563
3561
3562
3560
3561
3559
3560
3558
3559
3557
3558
3556
3557
3555
3556
3554
3555
3553
3554
3552
3553
1477
3553
3551
3552
2719
3552
3550
3551
3549
3550
2717
3550
3547
3548
3532
3548
144
3548
3546
3547
3515
3547
3544
3545
3530
3545
120
3545
3543
3544
1405
3544
3542
3543
122
3543
3541
3542
1407
3542
3540
3541
124
3541
3539
3540
1421
3540
3538
3539
126
3539
3537
3538
1419
3538
3536
3537
128
3537
3535
3536
1792
3536
3534
3535
3533
3534
1417
3534
3532
3533
130
3533
1415
3532
3530
3531
3528
3531
118
3531
1403
3530
3528
3529
3526
3529
116
3529
1401
3528
3526
3527
3524
3527
78
3527
1393
3526
3524
3525
3522
3525
1394
3525
79
3524
3522
3523
3520
3523
1837
3523
1357
3522
3520
3521
3518
3521
84
3521
81
3520
3518
3519
3516
3519
86
3519
2252
3518
3516
3517
3478
3517
90
3517
2254
3516
3514
3515
1304
3515
3513
3514
1413
3514
3512
3513
1302
3513
3511
3512
3510
3512
3509
3511
3508
3510
1300
3510
3507
3509
3507
3508
3506
3508
3505
3506
1298
3506
3504
3505
133
3505
3503
3504
1296
3504
3502
3503
131
3503
3501
3502
1294
3502
3500
3501
3499
3501
3498
3500
3497
3499
114
3499
3496
3498
3496
3497
3495
3497
3494
3495
111
3495
3493
3494
484
3494
3492
3493
107
3493
3491
3492
486
3492
3490
3491
105
3491
3489
3490
488
3490
3488
3489
103
3489
3487
3488
1331
3488
3486
3487
101
3487
3485
3486
2668
3486
3484
3485
99
3485
3483
3484
3482
3483
97
3483
3481
3482
3017
3482
3480
3481
95
3481
3479
3480
3015
3480
3478
3479
93
3479
2678
3478
3476
3477
3461
3477
3475
3476
3444
3476
3473
3474
3459
3474
2969
3474
3472
3473
1272
3473
3471
3472
2984
3472
3470
3471
1254
3471
3469
3470
2951
3470
3468
3469
1252
3469
3467
3468
2950
3468
3466
3467
1648
3467
3465
3466
3464
3465
1650
3465
3463
3464
2531
3464
3462
3463
3461
3462
3459
3460
3457
3460
2971
3460
1274
3459
3457
3458
3455
3458
2973
3458
1706
3457
3455
3456
3453
3456
2975
3456
1708
3455
3453
3454
3451
3454
2979
3454
1280
3453
3451
3452
3449
3452
2981
3452
1282
3451
3449
3450
3447
3450
2967
3450
1284
3449
3447
3448
3445
3448
2965
3448
1270
3447
3445
3446
3410
3446
2963
3446
1268
3445
3443
3444
3442
3443
3441
3442
3440
3441
3439
3440
3438
3439
3437
3438
3436
3437
3435
3436
3434
3435
3433
3434
2919
3434
3432
3433
3431
3432
2918
3432
3430
3431
3429
3430
2916
3430
3428
3429
3427
3428
2914
3428
3426
3427
3425
3426
2912
3426
3424
3425
3423
3424
3376
3424
3422
3423
1256
3423
3421
3422
3373
3422
3420
3421
3419
3420
3369
3420
3418
3419
3368
3419
3417
3418
2957
3418
3416
3417
3415
3417
3414
3416
3413
3415
2959
3415
3412
3414
3412
3413
3411
3413
3410
3411
2961
3411
791
3410
3408
3409
3393
3409
2118
3409
3407
3408
3376
3408
3405
3406
3391
3406
2108
3406
3404
3405
1640
3405
3403
3404
2110
3404
3402
3403
1638
3403
3401
3402
2112
3402
3400
3401
1636
3401
3399
3400
2126
3400
3398
3399
1671
3399
3397
3398
2124
3398
3396
3397
3395
3396
2122
3396
3394
3395
3393
3394
2120
3394
3391
3392
3389
3392
2106
3392
3389
3390
3387
3390
2104
3390
1235
3389
3387
3388
3385
3388
2102
3388
1571
3387
3385
3386
3383
3386
2100
3386
3383
3384
3381
3384
2098
3384
1580
3383
3381
3382
3379
3382
2055
3382
3379
3380
3377
3380
2057
3380
3377
3378
3334
3378
2059
3378
3375
3376
3374
3375
3373
3375
3372
3374
3371
3373
3370
3372
3370
3371
3369
3371
3368
3369
3367
3368
3366
3367
2096
3367
3365
3366
3364
3365
2092
3365
3363
3364
2956
3364
3362
3363
2088
3363
3361
3362
1693
3362
3360
3361
2085
3361
3359
3360
3358
3360
3357
3359
3356
3358
2081
3358
3355
3357
3355
3356
3354
3356
3353
3354
2079
3354
3352
3353
1687
3353
3351
3352
2077
3352
3350
3351
3349
3350
2074
3350
3348
3349
1279
3349
3347
3348
2070
3348
3346
3347
1276
3347
3345
3346
2068
3346
3344
3345
3343
3345
3342
3344
3341
3343
2066
3343
3340
3342
3340
3341
3339
3341
3338
3340
3337
3339
2064
3339
3336
3338
3336
3337
3335
3337
3334
3335
2061
3335
1591
3334
3332
3333
3317
3333
3331
3332
3300
3332
3329
3330
3315
3330
1194
3330
3328
3329
2006
3329
3327
3328
1196
3328
3326
3327
660
3327
3325
3326
3324
3325
2004
3325
3323
3324
3322
3323
300
3323
3321
3322
3318
3322
3320
3321
2002
3321
3319
3320
2455
3320
3318
3319
656
3319
3317
3318
3207
3317
3315
3316
3313
3316
1192
3316
2008
3315
3313
3314
3311
3314
1190
3314
2010
3313
3311
3312
3309
3312
1188
3312
2012
3311
3309
3310
3307
3310
1151
3310
2016
3309
3307
3308
3305
3308
1153
3308
1613
3307
3305
3306
3303
3306
1155
3306
3303
3304
3301
3304
1157
3304
2037
3303
3301
3302
3263
3302
1159
3302
2039
3301
3299
3300
1992
3300
3298
3299
3297
3298
1990
3298
3296
3297
3295
3297
3294
3296
3293
3295
2851
3295
3292
3294
3292
3293
3291
3293
3290
3291
2849
3291
3289
3290
3288
3290
3287
3289
3286
3288
2847
3288
3285
3287
3285
3286
3284
3286
3283
3284
2845
3284
3282
3283
712
3283
3281
3282
2843
3282
3280
3281
726
3281
3279
3280
1179
3280
3278
3279
2027
3279
3277
3278
1175
3278
3276
3277
3275
3276
1173
3276
3274
3275
2031
3275
3273
3274
1171
3274
3272
3273
3271
3272
1169
3272
3270
3271
2448
3271
3269
3270
1167
3270
3268
3269
2049
3269
3267
3268
1165
3268
3266
3267
2047
3267
3265
3266
1163
3266
3264
3265
2045
3265
3263
3264
1161
3264
2043
3263
3261
3262
3246
3262
3260
3261
3229
3261
3258
3259
3244
3259
2404
3259
3257
3258
714
3258
3256
3257
2402
3257
3255
3256
3254
3255
2400
3255
3253
3254
3252
3253
2398
3253
3251
3252
3250
3251
3247
3251
3249
3250
685
3250
3248
3249
3247
3248
3246
3247
683
3246
3244
3245
3242
3245
717
3245
354
3244
3242
3243
3240
3243
719
3243
356
3242
3240
3241
3238
3241
721
3241
358
3240
3238
3239
3236
3239
723
3239
360
3238
3236
3237
3234
3237
725
3237
2774
3236
3234
3235
3232
3235
727
3235
2776
3234
3232
3233
3230
3233
713
3233
2778
3232
3230
3231
3192
3231
711
3231
2780
3230
3228
3229
680
3229
3227
3228
2379
3228
3226
3227
678
3227
3225
3226
260
3226
3224
3225
676
3225
3223
3224
3222
3223
673
3223
3221
3222
3220
3221
669
3221
3219
3220
3218
3219
665
3219
3217
3218
3216
3217
663
3217
3215
3216
306
3216
3214
3215
661
3215
3213
3214
3212
3214
3211
3213
3210
3212
659
3212
3209
3211
3209
3210
3208
3210
3207
3208
657
3208
3206
3207
3205
3206
699
3206
3204
3205
3203
3205
3202
3204
3201
3203
701
3203
3200
3202
3200
3201
3199
3201
3198
3199
703
3199
3197
3198
336
3198
3196
3197
705
3197
3195
3196
2791
3196
3194
3195
707
3195
3193
3194
2789
3194
3192
3193
709
3193
338
3192
3190
3191
3175
3191
2725
3191
3189
3190
3158
3190
3187
3188
3173
3188
1955
3188
3186
3187
2328
3187
3185
3186
2756
3186
3184
3185
3183
3184
2738
3184
3182
3183
1960
3183
3181
3182
2735
3182
3180
3181
1964
3181
3179
3180
2731
3180
3178
3179
1966
3179
3177
3178
2729
3178
3176
3177
1980
3177
3175
3176
2727
3176
1978
3175
3173
3174
3171
3174
1953
3174
2757
3173
3171
3172
3169
3172
1919
3172
1453
3171
3169
3170
3167
3170
1455
3169
3167
3168
3165
3168
1457
3167
3165
3166
3163
3166
602
3165
3163
3164
3161
3164
3161
3162
3159
3162
1929
3161
3159
3160
3127
3160
614
3160
611
3159
3157
3158
2723
3158
3156
3157
3155
3156
2721
3156
3154
3155
3153
3154
638
3154
3152
3153
3151
3152
652
3152
3150
3151
3149
3150
2715
3150
3148
3149
3147
3148
2712
3148
3146
3147
3145
3146
2708
3146
3144
3145
3143
3144
2704
3144
3142
3143
3141
3142
2702
3142
3140
3141
3139
3140
2700
3140
3138
3139
1939
3139
3137
3138
640
3138
3136
3137
1049
3137
3135
3136
655
3136
3134
3135
1489
3135
3133
3134
622
3134
3132
3133
619
3133
3131
3132
620
3132
3130
3131
1842
3131
3129
3130
618
3130
3128
3129
1840
3129
3127
3128
616
3128
150
3127
3125
3126
3110
3126
3124
3125
3093
3125
3122
3123
3108
3123
208
3123
3121
3122
3120
3121
206
3121
3119
3120
3118
3119
1910
3119
3117
3118
3116
3117
1908
3117
3115
3116
1041
3116
3114
3115
3113
3114
1907
3114
3112
3113
3111
3112
1905
3112
3110
3111
3108
3109
3106
3109
210
3109
1897
3108
3106
3107
3104
3107
212
3107
1895
3106
3104
3105
3102
3105
214
3105
3102
3103
3100
3103
1892
3103
215
3102
3100
3101
3098
3101
1890
3101
201
3100
3098
3099
3096
3099
1888
3099
197
3098
3096
3097
3094
3097
1886
3097
195
3096
3094
3095
3059
3095
1850
3095
193
3094
3092
3093
3091
3092
1883
3092
3090
3091
3089
3090
3088
3089
3087
3088
3086
3088
3085
3087
3084
3086
3083
3085
3083
3084
3082
3084
3081
3082
3080
3081
3079
3080
3078
3079
3077
3078
3076
3077
577
3077
3075
3076
3074
3075
575
3075
3073
3074
3072
3073
154
3073
3071
3072
3070
3071
152
3071
3069
3070
3068
3069
1860
3069
3067
3068
3066
3067
148
3067
3065
3066
3064
3065
187
3065
3063
3064
1859
3064
3062
3063
2318
3063
3061
3062
1857
3062
3060
3061
2320
3061
3059
3060
1853
3060
119
3059
3057
3058
3042
3058
63
3058
3056
3057
3025
3057
3054
3055
3040
3055
71
3055
3053
3054
1289
3054
3052
3053
2189
3053
3051
3052
1321
3052
3050
3051
2185
3051
3049
3050
1323
3050
3048
3049
67
3049
3047
3048
70
3048
3046
3047
487
3047
3045
3046
2591
3046
3044
3045
489
3045
3043
3044
490
3044
3042
3043
65
3043
1327
3042
3040
3041
3038
3041
73
3041
1291
3040
3038
3039
3036
3039
59
3039
1293
3038
3036
3037
3034
3037
57
3037
1295
3036
3034
3035
3032
3035
53
3035
2534
3034
3032
3033
3030
3033
51
3033
2535
3032
3030
3031
3028
3031
49
3031
3028
3029
3026
3029
47
3029
3026
3027
2985
3027
45
3027
936
3026
3024
3025
61
3025
3023
3024
3022
3024
3021
3023
3020
3022
76
3022
3019
3021
3019
3020
3018
3020
3017
3018
43
3018
3016
3017
3015
3016
39
3016
3014
3015
3013
3014
36
3014
3012
3013
3011
3013
3010
3012
3009
3011
32
3011
3008
3010
3008
3009
3007
3009
3006
3007
28
3007
3005
3006
1359
3006
3004
3005
24
3005
3003
3004
1339
3004
3002
3003
22
3003
3001
3002
1337
3002
3000
3001
19
3001
2999
3000
2998
2999
15
2999
2997
2998
2996
2997
13
2997
2995
2996
2994
2996
2993
2995
2992
2994
2991
2993
2991
2992
2990
2992
2989
2990
2988
2989
2664
2989
2987
2988
2986
2987
2985
2986
2574
2985
2983
2984
2968
2984
2982
2983
2951
2983
2980
2981
2966
2981
2979
2980
386
2980
2978
2979
2977
2978
384
2978
2976
2977
2975
2976
2069
2976
2974
2975
2973
2974
2067
2974
2972
2973
2971
2972
2970
2971
2969
2970
2968
2969
2966
2967
2964
2967
2964
2965
2962
2965
2962
2963
2960
2963
2960
2961
2958
2961
2958
2959
2956
2959
2956
2957
2954
2957
2954
2955
2952
2955
2114
2955
422
2954
2952
2953
2911
2953
2116
2953
424
2952
2950
2951
2949
2950
2948
2949
2947
2948
2946
2948
2945
2947
2944
2946
2943
2945
2943
2944
2942
2944
2941
2942
2940
2941
2939
2941
2938
2940
2937
2939
2936
2938
2936
2937
2935
2937
2934
2935
2933
2934
2932
2933
2931
2932
2107
2932
2930
2931
2929
2930
2928
2929
2927
2928
2926
2927
2925
2926
2924
2926
2923
2925
2922
2924
2921
2923
2921
2922
2920
2922
2919
2920
2918
2919
2917
2918
2916
2917
2915
2916
2914
2915
430
2915
2913
2914
2912
2913
428
2913
2911
2912
426
2911
2909
2910
2894
2910
1632
2910
2908
2909
2877
2909
2906
2907
2892
2907
2042
2907
2905
2906
2437
2906
2904
2905
2434
2905
2903
2904
2041
2904
2902
2903
2432
2903
2901
2902
2900
2901
2430
2901
2899
2900
1611
2900
2898
2899
2897
2898
2429
2898
2896
2897
2895
2896
1615
2896
2894
2895
1618
2895
1187
2894
2892
2893
2890
2893
2044
2893
2439
2892
2890
2891
2888
2891
2046
2891
1164
2890
2888
2889
2886
2889
2048
2889
1166
2888
2886
2887
2884
2887
2050
2887
1168
2886
2884
2885
2882
2885
762
2885
716
2884
2882
2883
2880
2883
764
2883
718
2882
2880
2881
2878
2881
766
2881
235
2880
2878
2879
2840
2879
2030
2879
2876
2877
2011
2877
2875
2876
2417
2876
2874
2875
2009
2875
2873
2874
2872
2874
2871
2873
2870
2872
2007
2872
2869
2871
2869
2870
2868
2870
2867
2868
2005
2868
2866
2867
1201
2867
2865
2866
2003
2866
2864
2865
2863
2865
2862
2864
2861
2863
2001
2863
2860
2862
2860
2861
2859
2861
2858
2859
1999
2859
2857
2858
2856
2857
1996
2857
2855
2856
1209
2856
2854
2855
798
2855
2853
2854
797
2854
2852
2853
1988
2853
2851
2852
1207
2852
2850
2851
2849
2850
1205
2850
2848
2849
2847
2848
1203
2848
2846
2847
2845
2846
710
2846
2844
2845
2843
2844
2842
2843
2841
2842
2840
2841
2028
2841
2838
2839
2823
2839
2370
2839
2837
2838
2806
2838
2835
2836
2821
2836
1501
2836
2834
2835
2833
2834
2413
2834
2832
2833
2831
2832
2380
2832
2830
2831
2829
2830
2378
2830
2828
2829
2827
2828
2376
2828
2826
2827
1139
2827
2825
2826
2374
2826
2824
2825
2823
2824
2372
2824
2821
2822
2819
2822
1503
2822
2819
2820
2817
2820
1505
2820
2817
2818
2815
2818
1507
2818
2815
2816
2813
2816
1509
2816
2813
2814
2811
2814
1511
2814
2811
2812
2809
2812
1513
2812
2809
2810
2807
2810
1515
2810
2807
2808
2772
2808
1517
2808
2805
2806
2367
2806
2804
2805
304
2805
2803
2804
2363
2804
2802
2803
302
2803
2801
2802
2361
2802
2800
2801
2799
2800
2359
2800
2798
2799
658
2799
2797
2798
2357
2798
2796
2797
2795
2796
2355
2796
2794
2795
1107
2795
2793
2794
2353
2794
2792
2793
2791
2792
2351
2792
2790
2791
2789
2790
2348
2790
2788
2789
2787
2788
2344
2788
2786
2787
2785
2787
2784
2786
2783
2785
2382
2785
2782
2784
2782
2783
2781
2783
2780
2781
2384
2781
2779
2780
2778
2779
1525
2779
2777
2778
2776
2777
1523
2777
2775
2776
2774
2775
1521
2775
2773
2774
2772
2773
1519
2773
2770
2771
2755
2771
624
2771
2769
2770
2738
2770
2767
2768
2753
2768
1076
2768
2766
2767
2763
2767
2765
2766
1074
2766
2764
2765
1073
2765
2763
2764
2758
2764
2762
2763
2761
2762
202
2762
2760
2761
2332
2761
2759
2760
2758
2759
2326
2759
2757
2758
2756
2757
2755
2756
588
2755
2753
2754
2751
2754
1078
2754
2751
2752
2749
2752
2336
2751
2749
2750
2747
2750
1064
2750
2338
2749
2747
2748
2745
2748
1062
2748
2324
2747
2745
2746
2743
2746
2321
2746
2322
2745
2743
2744
2741
2744
2319
2744
2741
2742
2739
2742
2317
2742
2739
2740
2699
2740
2315
2740
2737
2738
2736
2737
2735
2737
2734
2736
2733
2735
2732
2734
2732
2733
2731
2733
2730
2731
2729
2730
2728
2729
2727
2728
2726
2727
2725
2726
2724
2725
2723
2724
2722
2723
2721
2722
2718
2722
2720
2721
2719
2720
2718
2719
2717
2718
2716
2717
2715
2716
177
2716
2714
2715
2713
2714
2712
2714
2711
2713
2710
2712
2709
2711
2709
2710
2708
2710
2707
2709
2706
2708
2705
2707
2705
2706
2704
2706
2703
2704
2702
2703
2701
2702
2700
2701
2699
2700
2697
2698
2682
2698
1404
2698
2696
2697
2665
2697
2694
2695
2680
2695
2615
2695
2693
2694
2152
2694
2692
2693
2614
2693
2691
2692
2150
2692
2690
2691
2613
2691
2689
2690
2148
2690
2688
2689
2611
2689
2687
2688
2146
2688
2686
2687
2607
2687
2685
2686
478
2686
2684
2685
2609
2685
2683
2684
2606
2684
2682
2683
1402
2683
1317
2682
2680
2681
2678
2681
2258
2680
2678
2679
2676
2679
2617
2679
2676
2677
2674
2677
2603
2677
2260
2676
2674
2675
2672
2675
2601
2675
2246
2674
2672
2673
2670
2673
1336
2673
2244
2672
2670
2671
2668
2671
1334
2671
2596
2670
2668
2669
2666
2669
2599
2669
2666
2667
2622
2667
2597
2667
2664
2665
1406
2665
2663
2664
2662
2663
1408
2663
2661
2662
2660
2662
2659
2661
2658
2660
1422
2660
2657
2659
2657
2658
2656
2658
2655
2656
1420
2656
2654
2655
456
2655
2653
2654
1418
2654
2652
2653
454
2653
2651
2652
1416
2652
2650
2651
452
2651
2649
2650
1414
2650
2648
2649
450
2649
2647
2648
1412
2648
2646
2647
448
2647
2645
2646
1410
2646
2644
2645
446
2645
2643
2644
1425
2644
2642
2643
2641
2643
2640
2642
2639
2641
1392
2641
2638
2640
2638
2639
2637
2639
2636
2637
1390
2637
2635
2636
480
2636
2634
2635
1387
2635
2633
2634
2632
2634
2631
2633
2630
2632
1383
2632
2629
2631
2629
2630
2628
2630
2627
2629
2626
2628
1381
2628
2625
2627
2625
2626
2624
2626
2623
2625
2622
2624
1379
2624
2621
2623
2621
2622
2619
2620
2604
2620
2618
2619
2587
2619
2586
2618
2616
2617
2602
2617
2615
2616
2614
2615
2613
2614
2612
2613
2611
2612
23
2612
2610
2611
2609
2610
2608
2609
2607
2608
2606
2607
2605
2606
2604
2605
2587
2605
14
2604
2602
2603
2600
2603
2600
2601
2598
2601
2598
2599
2596
2599
2596
2597
2594
2597
2594
2595
2592
2595
2502
2594
2592
2593
2590
2593
2504
2592
2590
2591
2588
2591
2506
2590
2588
2589
2551
2589
485
2589
2585
2587
2584
2586
2584
2585
2583
2585
2582
2583
2581
2582
1315
2582
2580
2581
2579
2580
2578
2579
464
2579
2577
2578
1767
2578
2576
2577
461
2577
2575
2576
1765
2576
2574
2575
457
2575
2573
2574
2572
2573
455
2573
2571
2572
2570
2571
453
2571
2569
2570
2568
2570
2567
2569
2566
2568
451
2568
2565
2567
2565
2566
2564
2566
2563
2564
449
2564
2562
2563
2561
2562
447
2562
2560
2561
2559
2560
445
2560
2558
2559
831
2559
2557
2558
909
2558
2556
2557
2516
2557
2555
2556
907
2556
2554
2555
2514
2555
2553
2554
905
2554
2552
2553
2551
2552
903
2552
2549
2550
2534
2550
832
2550
2548
2549
2517
2549
2546
2547
2532
2547
925
2547
2545
2546
2544
2545
939
2545
2543
2544
861
2544
2542
2543
937
2543
2541
2542
1763
2542
2540
2541
935
2541
2539
2540
1761
2540
2538
2539
933
2539
2537
2538
928
2538
2536
2537
931
2537
2535
2536
2534
2535
2532
2533
2530
2533
923
2533
863
2532
2530
2531
2528
2531
1753
2530
2528
2529
2526
2529
1651
2529
2526
2527
2524
2527
1655
2527
2524
2525
2522
2525
1658
2525
873
2524
2522
2523
2520
2523
1660
2523
859
2522
2520
2521
2518
2521
1662
2521
857
2520
2518
2519
2483
2519
1664
2519
855
2518
2516
2517
830
2517
2515
2516
2514
2515
827
2515
2513
2514
2512
2513
823
2513
2511
2512
900
2512
2510
2511
821
2511
2509
2510
482
2510
2508
2509
819
2509
2507
2508
1728
2508
2506
2507
817
2507
2505
2506
2504
2505
815
2505
2503
2504
2502
2503
813
2503
2501
2502
2500
2501
811
2501
2499
2500
60
2500
2498
2499
846
2499
2497
2498
2496
2498
2495
2497
2494
2496
848
2496
2493
2495
2493
2494
2492
2494
2491
2492
1688
2492
2490
2491
390
2491
2489
2490
1703
2490
2488
2489
847
2489
2487
2488
1670
2488
2486
2487
849
2487
2485
2486
1668
2486
2484
2485
851
2485
2483
2484
1666
2484
853
2483
2481
2482
2466
2482
2480
2481
2449
2481
2478
2479
2464
2479
1219
2479
2477
2478
2021
2478
2476
2477
1186
2477
2475
2476
2023
2476
2474
2475
1183
2475
2473
2474
769
2474
2472
2473
2471
2472
2468
2472
2470
2471
768
2471
2469
2470
765
2470
2468
2469
2467
2468
2466
2467
2029
2466
2464
2465
2462
2465
1204
2465
1985
2464
2462
2463
2460
2463
1206
2463
1987
2462
2460
2461
2458
2461
1208
2461
1989
2460
2458
2459
2456
2459
1210
2459
1991
2458
2456
2457
2454
2457
1211
2456
2454
2455
2452
2455
698
2454
2452
2453
2450
2453
2450
2451
2415
2451
1202
2451
2448
2449
1576
2449
2447
2448
2446
2447
1572
2447
2445
2446
2444
2446
2443
2445
2442
2444
1570
2444
2441
2443
2441
2442
2440
2442
2439
2440
1568
2440
2438
2439
2437
2438
1566
2438
2436
2437
2435
2436
1604
2436
2434
2435
1605
2435
2433
2434
2432
2433
2431
2432
2430
2431
2429
2430
2428
2429
2427
2428
2053
2428
2426
2427
731
2427
2425
2426
2020
2426
2424
2425
777
2425
2423
2424
2017
2424
2422
2423
1150
2423
2421
2422
2015
2422
2420
2421
1189
2421
2419
2420
2013
2420
2418
2419
1191
2419
2417
2418
1198
2418
2416
2417
2415
2416
1200
2416
2414
2415
2412
2413
2397
2413
2411
2412
2380
2412
2409
2410
2395
2410
2408
2409
1512
2409
2407
2408
1121
2408
2406
2407
1510
2407
2405
2406
2404
2405
1123
2405
2403
2404
2402
2403
1125
2403
2401
2402
2400
2401
1127
2401
2399
2400
2398
2399
227
2399
2397
2398
2395
2396
2393
2396
1119
2395
2393
2394
2391
2394
1117
2393
2391
2392
2389
2392
346
2391
2389
2390
2387
2390
1465
2389
2387
2388
2385
2388
344
2387
2385
2386
2383
2386
1086
2386
342
2385
2383
2384
2381
2384
1483
2383
2381
2382
2343
2382
1485
2381
2379
2380
2378
2379
2377
2378
2376
2377
262
2377
2375
2376
2374
2375
264
2375
2373
2374
2372
2373
2371
2372
2370
2371
268
2371
2369
2370
2368
2369
2367
2369
2366
2368
2365
2367
2364
2366
2364
2365
2363
2365
2362
2363
2361
2362
1558
2362
2360
2361
2359
2360
2358
2359
2357
2358
2356
2357
2355
2356
2354
2355
2353
2354
2352
2353
2351
2352
332
2352
2350
2351
2349
2350
2348
2350
2347
2349
2346
2348
2345
2347
2345
2346
2344
2346
2343
2344
2341
2342
2326
2342
1436
2342
2340
2341
2309
2341
2338
2339
2324
2339
2337
2338
2336
2337
2335
2336
2334
2335
2333
2334
1918
2334
2332
2333
2331
2332
2330
2331
2329
2330
1956
2330
2328
2329
1443
2329
2327
2328
2326
2327
1440
2327
2324
2325
2322
2325
2322
2323
2320
2323
194
2323
2320
2321
2318
2321
2318
2319
2316
2319
2316
2317
2314
2317
2314
2315
2312
2315
2312
2313
2310
2313
2310
2311
2265
2311
2308
2309
1434
2309
2307
2308
1065
2308
2306
2307
1432
2307
2305
2306
2304
2306
2303
2305
2302
2304
1048
2304
2301
2303
2301
2302
2300
2302
2299
2300
1046
2300
2298
2299
1913
2299
2297
2298
1044
2298
2296
2297
1911
2297
2295
2296
1042
2296
2294
2295
2293
2295
2292
2294
2291
2293
1040
2293
2290
2292
2290
2291
2289
2291
2288
2290
2287
2289
1038
2289
2286
2288
2286
2287
2285
2287
2284
2285
1036
2285
2283
2284
947
2284
2282
2283
1034
2283
2281
2282
945
2282
2280
2281
1032
2281
2279
2280
2278
2280
2277
2279
2276
2278
1030
2278
2275
2277
2275
2276
2274
2276
2273
2275
2272
2274
1028
2274
2271
2273
2271
2272
2270
2272
2269
2270
1025
2270
2268
2269
1874
2269
2267
2268
1021
2268
2266
2267
2265
2266
1017
2266
2263
2264
2248
2264
1846
2264
2262
2263
2231
2263
2260
2261
2246
2261
2259
2260
2258
2259
569
2259
2257
2258
2256
2257
568
2257
2255
2256
989
2256
2254
2255
574
2255
2253
2254
2252
2253
1833
2253
2251
2252
2250
2251
1831
2251
2249
2250
2248
2249
1397
2248
2246
2247
2244
2247
2244
2245
2242
2245
2242
2243
2240
2243
1332
2243
1333
2242
2240
2241
2238
2241
1820
2240
2238
2239
2236
2239
1329
2238
2236
2237
2234
2237
1330
2237
1901
2236
2234
2235
2232
2235
1817
2235
106
2234
2232
2233
2197
2233
1815
2233
1903
2232
2230
2231
1813
2231
2229
2230
2144
2230
2228
2229
1810
2229
2227
2228
2142
2228
2226
2227
1806
2227
2225
2226
474
2226
2224
2225
1803
2225
2223
2224
1313
2224
2222
2223
1799
2223
2221
2222
465
2222
2220
2221
1795
2221
2219
2220
0
2220
2218
2219
1793
2219
2217
2218
44
2218
2216
2217
1791
2217
2215
2216
2214
2216
2213
2215
2212
2214
1789
2214
2211
2213
2211
2212
2210
2212
2209
2210
1787
2210
2208
2209
2170
2209
2207
2208
1785
2208
2206
2207
2172
2207
2205
2206
1783
2206
2204
2205
2174
2205
2203
2204
1780
2204
2202
2203
2178
2203
2201
2202
1777
2202
2200
2201
1776
2201
2199
2200
1775
2200
2198
2199
1909
2199
2197
2198
1773
2198
2195
2196
2180
2196
1376
2196
2194
2195
2163
2195
2192
2193
2178
2193
2191
2192
1391
2192
2190
2191
2189
2190
1774
2190
2188
2189
2187
2188
1772
2188
2186
2187
2185
2186
1814
2186
2184
2185
2183
2184
1325
2184
2182
2183
2181
2182
1380
2182
2180
2181
1818
2180
2178
2179
2176
2179
2176
2177
2174
2177
1409
2176
2174
2175
2172
2175
2172
2173
2170
2173
136
2173
2170
2171
2168
2171
138
2171
2168
2169
2166
2169
140
2169
1788
2168
2166
2167
2164
2167
142
2167
1305
2166
2164
2165
2130
2165
1306
2165
1891
2164
2162
2163
1372
2163
2161
2162
1822
2162
2160
2161
1370
2161
2159
2160
581
2160
2158
2159
1368
2159
2157
2158
94
2158
2156
2157
1366
2157
2155
2156
584
2156
2154
2155
1364
2155
2153
2154
1834
2154
2152
2153
1362
2153
2151
2152
2150
2151
1358
2151
2149
2150
2148
2149
1356
2149
2147
2148
2146
2147
1353
2147
2145
2146
2144
2145
1320
2145
2143
2144
2142
2143
1318
2143
2141
2142
2140
2141
1316
2141
2139
2140
2138
2140
2137
2138
1314
2138
2136
2137
2135
2137
2134
2135
1312
2135
2133
2134
1885
2134
2132
2133
1310
2133
2131
2132
1887
2132
2130
2131
1308
2131
1889
2130
2128
2129
2113
2129
782
2129
2127
2128
2096
2128
2095
2127
2125
2126
2111
2126
2124
2125
434
2125
2123
2124
2122
2123
432
2123
2121
2122
2120
2121
2119
2120
2118
2119
2117
2118
2116
2117
2115
2116
2114
2115
2113
2114
2111
2112
2109
2112
420
2111
2109
2110
2107
2110
418
2109
2107
2108
2105
2108
2105
2106
2103
2106
416
2105
2103
2104
2101
2104
2101
2102
2099
2102
408
2101
2099
2100
2097
2100
406
2099
2097
2098
2054
2098
1244
2097
2094
2096
2093
2095
2093
2094
2092
2094
2091
2093
2090
2092
2089
2091
2089
2090
2088
2090
2087
2088
2086
2087
2085
2087
2084
2086
2083
2085
2082
2084
2082
2083
2081
2083
2080
2081
2079
2080
1621
2080
2078
2079
2077
2078
2076
2077
2075
2076
2074
2076
2073
2075
2072
2074
2071
2073
2071
2072
2070
2072
2069
2070
2068
2069
2067
2068
2066
2067
2065
2066
2064
2065
2063
2064
2062
2063
2061
2063
2060
2061
2059
2060
2058
2059
2057
2058
2056
2057
2055
2056
2054
2055
2052
2053
2037
2053
2051
2052
2020
2052
2049
2050
2035
2050
2048
2049
2047
2048
2046
2047
2045
2046
2044
2045
2043
2044
2042
2043
2041
2042
2040
2041
2039
2040
2038
2039
2037
2038
2035
2036
2033
2036
233
2035
2033
2034
2031
2034
2031
2032
2029
2032
2029
2030
2027
2030
2027
2028
2025
2028
2025
2026
2023
2026
772
2026
771
2025
2023
2024
2021
2024
776
2024
2021
2022
1985
2022
809
2022
2019
2020
2018
2019
2017
2019
2016
2017
2015
2016
2014
2015
2013
2014
2012
2013
2011
2012
2010
2011
2009
2010
2008
2009
2007
2008
2006
2007
2005
2006
2004
2005
2003
2004
2002
2003
2001
2002
2000
2001
1999
2000
789
2000
1998
1999
1997
1998
1996
1998
1995
1997
1994
1996
1993
1995
1993
1994
1992
1994
1991
1992
1990
1991
1989
1990
1988
1989
1987
1988
1986
1987
1985
1986
794
1986
1983
1984
1968
1984
1982
1983
1951
1983
1980
1981
1966
1981
1538
1981
1979
1980
1978
1979
1977
1978
1976
1977
1975
1976
1974
1975
1973
1974
272
1974
1972
1973
1971
1972
286
1972
1970
1971
1969
1970
284
1970
1968
1969
1966
1967
1964
1967
1964
1965
1962
1965
1962
1963
1960
1963
1960
1961
1958
1961
1958
1959
1956
1959
1956
1957
1954
1957
1954
1955
1952
1955
1952
1953
1918
1953
1950
1951
1949
1950
1948
1950
1947
1948
1946
1947
1945
1946
1944
1945
1943
1944
1942
1943
274
1943
1941
1942
290
1942
1940
1941
1939
1940
1938
1939
1937
1938
1936
1937
1935
1936
1934
1935
1051
1935
1933
1934
1932
1933
1053
1933
1931
1932
1930
1931
1055
1931
1929
1930
1928
1929
1927
1928
1926
1927
1925
1927
1924
1925
1923
1924
1920
1924
1922
1923
1921
1922
1920
1921
1919
1920
1918
1919
1916
1917
1904
1917
1901
1917
1915
1916
1884
1916
1913
1914
1899
1914
1912
1913
1911
1912
1910
1911
1909
1910
1908
1909
1907
1908
1906
1907
1905
1906
1904
1905
1903
1904
1902
1903
1901
1902
1899
1900
1897
1900
1068
1900
1897
1898
1895
1898
1070
1898
1895
1896
1893
1896
1893
1894
1891
1894
143
1893
1891
1892
1889
1892
1889
1890
1887
1890
1887
1888
1885
1888
1885
1886
1848
1886
1883
1884
1819
1884
1882
1883
1881
1882
1821
1882
1880
1881
1879
1881
1878
1880
1877
1879
1823
1879
1876
1878
1876
1877
1875
1877
1874
1875
1825
1875
1873
1874
1872
1873
1871
1872
1870
1871
1869
1870
1826
1870
1868
1869
988
1869
1867
1868
621
1868
1866
1867
990
1867
1865
1866
85
1866
1864
1865
992
1865
1863
1864
83
1864
1862
1863
994
1863
1861
1862
1860
1861
1859
1860
1858
1859
1857
1858
77
1858
1856
1857
1855
1856
115
1856
1854
1855
1008
1855
1853
1854
1852
1853
1851
1852
1850
1852
1849
1851
1848
1850
1847
1849
1847
1848
1845
1846
1830
1846
1844
1845
1813
1845
1842
1843
1828
1843
576
1843
1841
1842
1840
1841
82
1841
1839
1840
1838
1839
80
1839
1837
1838
571
1838
1836
1837
1835
1836
573
1836
1834
1835
1833
1834
1832
1833
1831
1832
1830
1831
1828
1829
1826
1829
578
1829
158
1828
1826
1827
1824
1827
580
1827
1824
1825
1822
1825
983
1824
1822
1823
1820
1823
1820
1821
1818
1821
1818
1819
1816
1819
1816
1817
1814
1817
943
1816
1814
1815
1772
1815
1812
1813
1811
1812
1810
1812
1809
1811
1808
1810
1807
1809
1807
1808
1806
1808
1805
1806
1804
1805
1803
1805
1802
1804
1801
1803
1800
1802
1800
1801
1799
1801
1798
1800
1797
1799
1796
1798
1796
1797
1795
1797
1794
1795
1793
1794
123
1794
1792
1793
1791
1792
1790
1791
1789
1790
973
1790
1788
1789
1787
1788
1786
1787
1785
1786
1784
1785
1783
1784
533
1784
1782
1783
1781
1782
1780
1782
1779
1780
1778
1779
1777
1779
1776
1777
1775
1776
1774
1775
1773
1774
1772
1773
1770
1771
1755
1771
1769
1770
1738
1770
1767
1768
1753
1768
1766
1767
1765
1766
1764
1765
1763
1764
1762
1763
1761
1762
1760
1761
1759
1760
1758
1759
841
1759
1757
1758
927
1758
1756
1757
839
1757
1755
1756
942
1756
835
1755
1753
1754
1751
1754
921
1754
1751
1752
1749
1752
919
1751
1749
1750
1747
1750
1747
1748
1745
1748
1740
1748
914
1747
1745
1746
1743
1746
1743
1744
1741
1744
1739
1743
1741
1742
1739
1742
1705
1742
1739
1740
1704
1740
1737
1738
1736
1737
1735
1736
901
1736
1734
1735
1733
1735
1732
1734
1731
1733
899
1733
1730
1732
1730
1731
1729
1731
1728
1729
897
1729
1727
1728
1726
1727
895
1727
1725
1726
1724
1725
893
1725
1723
1724
1695
1724
1722
1723
891
1723
1721
1722
1720
1721
889
1721
1719
1720
1691
1720
1718
1719
887
1719
1717
1718
1716
1717
885
1717
1715
1716
1714
1715
883
1715
1713
1714
1712
1713
881
1713
1711
1712
1710
1711
879
1711
1709
1710
1667
1710
1708
1709
911
1709
1707
1708
1706
1707
913
1707
1705
1706
1704
1705
1702
1703
1687
1703
1701
1702
1670
1702
1699
1700
1685
1700
405
1700
1698
1699
816
1699
1697
1698
402
1698
1696
1697
814
1697
1695
1696
1694
1695
1693
1694
1265
1694
1692
1693
1691
1692
1267
1692
1690
1691
1689
1690
1269
1690
1688
1689
1271
1689
1687
1688
1685
1686
1683
1686
818
1685
1683
1684
1681
1684
820
1683
1681
1682
1679
1682
1679
1680
1677
1680
1677
1678
1675
1678
834
1678
1675
1676
1673
1676
836
1676
1673
1674
1671
1674
838
1674
1227
1673
1671
1672
1636
1672
840
1672
1669
1670
1668
1669
1283
1669
1667
1668
1666
1667
1665
1666
1664
1665
382
1665
1663
1664
1662
1663
380
1663
1661
1662
1660
1661
378
1661
1659
1660
1658
1659
1657
1658
1656
1657
1655
1657
1654
1656
1653
1655
1652
1654
1652
1653
1651
1653
1650
1651
1649
1650
1648
1649
868
1649
1647
1648
1646
1647
866
1647
1645
1646
1644
1645
864
1645
1643
1644
1642
1643
862
1643
1641
1642
1640
1641
877
1641
1639
1640
1638
1639
844
1639
1637
1638
1636
1637
842
1637
1634
1635
1619
1635
1633
1634
1602
1634
1631
1632
1617
1632
1630
1631
1629
1630
1628
1629
1627
1628
1626
1627
785
1627
1625
1626
1624
1625
787
1625
1623
1624
1622
1623
1621
1622
1620
1621
1619
1620
805
1619
1617
1618
1615
1618
779
1617
1615
1616
1613
1616
780
1616
1613
1614
1611
1614
778
1614
1611
1612
1609
1612
732
1612
1609
1610
1607
1610
736
1610
1607
1608
1605
1608
739
1608
1605
1606
1603
1606
1603
1604
1565
1604
1601
1602
1600
1601
1599
1600
1598
1599
1597
1598
1596
1597
795
1597
1595
1596
1594
1595
793
1595
1593
1594
1592
1593
1591
1592
1590
1591
1589
1590
1588
1589
1587
1588
1586
1587
1585
1587
1584
1586
1583
1585
1582
1584
1582
1583
1581
1583
1580
1581
1579
1580
1578
1579
1577
1578
1576
1578
1575
1577
1574
1576
1573
1575
1573
1574
1572
1574
1571
1572
1570
1571
1569
1570
1568
1569
1567
1568
1566
1567
1565
1566
1563
1564
1548
1564
1102
1564
1562
1563
1531
1563
1560
1561
1546
1561
1116
1561
1559
1560
270
1560
1558
1559
1114
1559
1557
1558
1556
1557
1112
1557
1555
1556
1554
1555
1110
1555
1553
1554
282
1554
1552
1553
1108
1553
1551
1552
280
1552
1550
1551
1106
1551
1549
1550
1548
1549
1104
1549
1546
1547
1544
1547
271
1547
1133
1546
1544
1545
1542
1545
269
1545
1135
1544
1542
1543
1540
1543
267
1543
1540
1541
1538
1541
1538
1539
1536
1539
1535
1539
1536
1537
1534
1537
1143
1536
1534
1535
1532
1535
1145
1534
1532
1533
1500
1533
1530
1531
1100
1531
1529
1530
1487
1530
1528
1529
1098
1529
1527
1528
1526
1527
1096
1527
1525
1526
1524
1525
1523
1524
1522
1523
1521
1522
1520
1521
1519
1520
1518
1519
1517
1518
1516
1517
1515
1516
1514
1515
1513
1514
1512
1513
1511
1512
1510
1511
1509
1510
1508
1509
1507
1508
1506
1507
1505
1506
1504
1505
1503
1504
1502
1503
1501
1502
1129
1502
1500
1501
1131
1500
1498
1499
1483
1499
612
1499
1497
1498
1466
1498
1495
1496
1481
1496
166
1496
1494
1495
645
1495
1493
1494
1492
1493
643
1493
1491
1492
1490
1491
1489
1490
1488
1489
1487
1488
1486
1487
1485
1486
1484
1485
1483
1484
1481
1482
1479
1482
169
1482
647
1481
1479
1480
1477
1480
171
1480
649
1479
1477
1478
1475
1478
173
1478
1475
1476
1473
1476
1473
1474
1471
1474
1471
1472
1469
1472
1469
1470
1467
1470
627
1469
1467
1468
1427
1468
1045
1467
1465
1466
610
1466
1464
1465
1463
1464
607
1464
1462
1463
1461
1462
603
1462
1460
1461
1459
1460
601
1460
1458
1459
1457
1458
599
1458
1456
1457
1455
1456
597
1456
1454
1455
1453
1454
595
1454
1452
1453
1451
1452
593
1452
1450
1451
1449
1451
1448
1450
1447
1449
591
1449
1446
1448
1446
1447
1445
1447
1444
1445
589
1445
1443
1444
1442
1443
1441
1442
1440
1442
1439
1441
1438
1440
1437
1439
1437
1438
1436
1438
1435
1436
1434
1435
1433
1434
1432
1433
1431
1432
1430
1431
1429
1431
1428
1430
1427
1429
1426
1428
1426
1427
1424
1425
1409
1425
1423
1424
1392
1424
1421
1422
1407
1422
1420
1421
1419
1420
1418
1419
1417
1418
1416
1417
1415
1416
1414
1415
1413
1414
1412
1413
1411
1412
1410
1411
50
1411
1409
1410
1407
1408
1405
1408
1405
1406
1403
1406
1403
1404
1401
1404
1401
1402
1399
1402
1399
1400
1397
1400
1395
1399
1397
1398
1395
1398
1395
1396
1393
1396
1393
1394
1355
1394
1391
1392
1390
1391
1389
1390
1388
1389
1387
1389
1386
1388
1385
1387
1384
1386
1384
1385
1383
1385
1382
1383
1381
1382
104
1382
1380
1381
1379
1380
1378
1379
1377
1378
1376
1378
1375
1377
1374
1376
1373
1375
1373
1374
1372
1374
1371
1372
1370
1371
1369
1370
1368
1369
1335
1369
1367
1368
1366
1367
1349
1367
1365
1366
1364
1365
1347
1365
1363
1364
1362
1363
1345
1363
1361
1362
1360
1361
1343
1361
1359
1360
1340
1360
1358
1359
1357
1358
1356
1357
1355
1356
1354
1355
1352
1353
1337
1353
1351
1352
1320
1352
1349
1350
1335
1350
507
1350
1348
1349
1347
1348
505
1348
1346
1347
1345
1346
503
1346
1344
1345
1343
1344
501
1344
1342
1343
1341
1342
499
1342
1340
1341
496
1341
1339
1340
1338
1339
1337
1338
1335
1336
1333
1336
1333
1334
1331
1334
1331
1332
1329
1332
1329
1330
1327
1330
1327
1328
1325
1328
1325
1326
1323
1326
1323
1324
1321
1324
1321
1322
1289
1322
1319
1320
1318
1319
476
1319
1317
1318
1316
1317
1315
1316
1314
1315
1313
1314
1312
1313
1311
1312
1310
1311
1309
1310
1308
1309
1307
1308
1306
1307
1305
1306
1304
1305
1303
1304
1302
1303
1301
1302
1300
1301
930
1301
1299
1300
1298
1299
52
1299
1297
1298
1296
1297
1295
1296
1294
1295
1293
1294
1292
1293
1291
1292
147
1292
1290
1291
1289
1290
1287
1288
1272
1288
377
1288
1286
1287
1255
1287
1284
1285
1270
1285
1283
1284
1282
1283
1281
1282
1280
1281
1279
1280
1278
1279
1277
1278
1276
1277
1275
1276
1274
1275
1273
1274
1272
1273
1270
1271
1268
1271
1268
1269
1266
1269
1266
1267
1264
1267
1264
1265
1262
1265
1262
1263
1260
1263
438
1263
1260
1261
1258
1261
423
1261
1258
1259
1256
1259
425
1259
1256
1257
1221
1257
427
1257
1254
1255
1253
1254
1252
1253
371
1253
1251
1252
1250
1251
368
1251
1249
1250
867
1250
1248
1249
407
1249
1247
1248
1237
1248
1246
1247
409
1247
1245
1246
1242
1246
1244
1245
411
1245
1243
1244
1242
1243
1241
1242
1240
1241
1239
1240
1238
1240
1237
1238
1236
1237
1235
1236
1234
1235
1233
1234
419
1234
1232
1233
1231
1232
421
1232
1230
1231
1229
1230
435
1230
1228
1229
1227
1228
433
1228
1226
1227
1225
1226
431
1226
1224
1225
1223
1225
1222
1224
1221
1223
429
1223
1220
1222
1220
1221
1218
1219
1203
1219
1217
1218
1186
1218
1215
1216
1201
1216
1214
1215
1213
1214
1212
1213
700
1213
1211
1212
1210
1211
1209
1210
1208
1209
1207
1208
1206
1207
1205
1206
1204
1205
1203
1204
1201
1202
1199
1202
1199
1200
1197
1200
1197
1198
1195
1198
664
1197
1195
1196
1193
1196
662
1195
1193
1194
1191
1194
308
1193
1191
1192
1189
1192
1189
1190
1187
1190
1187
1188
1150
1188
1185
1186
1184
1185
1183
1185
1182
1184
1181
1183
1180
1182
1180
1181
1179
1181
1178
1180
1177
1179
1176
1178
1176
1177
1175
1177
1174
1175
1173
1174
722
1174
1172
1173
1171
1172
720
1172
1170
1171
1169
1170
1168
1169
1167
1168
1166
1167
1165
1166
1164
1165
1163
1164
1162
1163
1161
1162
1160
1161
1159
1160
1158
1159
1157
1158
330
1158
1156
1157
1155
1156
328
1156
1154
1155
1153
1154
326
1154
1152
1153
1151
1152
1150
1151
1148
1149
1133
1149
1147
1148
1116
1148
1145
1146
1131
1146
1144
1145
1143
1144
1142
1143
1141
1142
1140
1141
1139
1140
1138
1139
1137
1138
1136
1137
1135
1136
1134
1135
1133
1134
1131
1132
1129
1132
1129
1130
1127
1130
1127
1128
1125
1128
1125
1126
1123
1126
1123
1124
1121
1124
1121
1122
1119
1122
1119
1120
1117
1120
1117
1118
1082
1118
1115
1116
1114
1115
1113
1114
1112
1113
1111
1112
1110
1111
1109
1110
1108
1109
1107
1108
1106
1107
1105
1106
1104
1105
1103
1104
1102
1103
1101
1102
1100
1101
1099
1100
1098
1099
256
1099
1097
1098
1096
1097
254
1097
1095
1096
1094
1095
252
1095
1093
1094
1092
1093
1091
1093
1090
1092
1089
1091
1088
1090
1088
1089
1087
1089
1086
1087
1085
1086
1084
1085
1083
1084
241
1084
1082
1083
239
1082
1080
1081
1065
1081
626
1081
1079
1080
1048
1080
1077
1078
1063
1078
1076
1077
1075
1076
1074
1075
1073
1074
1072
1073
1071
1072
1070
1071
1069
1070
1068
1069
1066
1069
1067
1068
1066
1067
623
1067
1065
1066
1063
1064
1061
1064
1061
1062
1059
1062
1059
1060
1057
1060
188
1060
1057
1058
1055
1058
149
1058
1055
1056
1053
1056
151
1056
1053
1054
1051
1054
153
1054
1051
1052
1049
1052
155
1052
1049
1050
1012
1050
157
1050
1047
1048
1046
1047
1043
1047
1045
1046
1044
1045
1043
1044
1042
1043
1041
1042
1040
1041
1039
1040
1038
1039
629
1039
1037
1038
1036
1037
631
1037
1035
1036
1034
1035
633
1035
1033
1034
1032
1033
635
1033
1031
1032
1030
1031
637
1031
1029
1030
1028
1029
651
1029
1027
1028
1026
1027
1025
1027
1024
1026
1023
1025
1022
1024
1022
1023
1021
1023
1020
1022
1019
1021
1018
1020
1018
1019
1017
1019
1016
1017
1015
1016
1014
1015
163
1015
1013
1014
639
1014
1012
1013
159
1013
1010
1011
995
1011
554
1011
1009
1010
978
1010
1007
1008
993
1008
1006
1007
997
1007
1005
1006
1002
1006
1004
1005
1003
1004
1000
1004
1002
1003
999
1003
1001
1002
1000
1001
991
1001
999
1000
998
999
997
998
572
998
996
997
995
996
587
996
993
994
991
994
991
992
989
992
989
990
987
990
987
988
985
988
565
987
985
986
983
986
564
986
563
985
983
984
981
984
562
984
981
982
979
982
560
982
979
980
943
980
558
980
977
978
552
978
976
977
975
976
550
976
974
975
973
974
547
974
972
973
971
972
543
972
970
971
969
970
541
970
968
969
967
969
966
968
965
967
539
967
964
966
964
965
963
965
962
963
537
963
961
962
213
962
960
961
534
961
959
960
211
960
958
959
532
959
957
958
207
958
956
957
529
957
955
956
205
956
954
955
525
955
953
954
203
954
952
953
523
953
951
952
185
952
950
951
521
951
949
950
948
950
947
948
519
948
946
947
945
946
516
946
944
945
943
944
556
944
941
942
926
942
940
941
909
941
938
939
924
939
937
938
2
938
936
937
935
936
934
935
933
934
46
934
932
933
931
932
48
932
930
931
929
930
928
929
927
928
926
927
924
925
922
925
4
924
922
923
920
923
6
922
920
921
918
921
8
920
918
919
916
919
10
918
916
917
914
917
512
917
12
916
914
915
912
915
497
915
912
913
910
913
910
911
878
911
498
910
908
909
907
908
54
908
906
907
905
906
56
906
904
905
903
904
58
904
902
903
901
902
72
902
900
901
899
900
898
899
897
898
69
898
896
897
895
896
68
896
894
895
893
894
66
894
892
893
891
892
64
892
890
891
889
890
62
890
888
889
887
888
886
887
885
886
884
885
883
884
506
884
882
883
881
882
504
882
880
881
879
880
502
880
878
879
500
878
876
877
861
877
875
876
844
876
873
874
859
874
872
873
871
872
870
871
869
870
868
869
867
868
866
867
865
866
864
865
863
864
862
863
861
862
859
860
857
860
857
858
855
858
855
856
853
856
853
854
851
854
851
852
849
852
849
850
847
850
845
850
847
848
845
848
845
846
810
846
843
844
842
843
841
842
840
841
839
840
838
839
837
838
836
837
835
836
834
835
833
834
832
833
831
832
830
831
829
830
828
829
827
829
826
828
825
827
824
826
824
825
823
825
822
823
821
822
820
821
819
820
818
819
817
818
816
817
815
816
814
815
813
814
812
813
811
812
810
811
808
809
793
809
807
808
776
808
775
807
805
806
791
806
804
805
803
804
802
803
801
802
800
801
799
800
798
799
797
798
796
797
795
796
794
795
793
794
791
792
789
792
789
790
787
790
787
788
785
788
785
786
783
786
783
784
781
784
781
782
779
782
779
780
777
780
777
778
731
778
774
776
773
775
773
774
772
774
771
772
770
771
769
770
768
769
767
768
766
767
765
766
764
765
763
764
762
763
761
762
760
761
759
761
758
760
757
759
756
758
756
757
755
757
754
755
753
754
752
753
751
752
750
752
749
751
748
750
747
749
747
748
746
748
745
746
744
745
743
745
742
744
741
743
740
742
740
741
739
741
738
739
737
738
736
738
735
737
734
736
733
735
733
734
732
734
731
732
729
730
714
730
351
730
728
729
697
729
696
728
726
727
712
727
725
726
724
725
723
724
722
723
721
722
720
721
719
720
718
719
717
718
716
717
715
716
714
715
353
715
712
713
710
713
710
711
708
711
708
709
706
709
706
707
704
707
704
705
702
705
702
703
700
703
700
701
698
701
698
699
656
699
695
697
349
697
694
696
694
695
693
695
692
693
364
693
691
692
690
692
689
691
688
690
331
690
687
689
687
688
686
688
685
686
329
686
684
685
683
684
327
684
682
683
681
682
325
682
680
681
679
680
678
679
677
678
676
677
675
676
674
675
673
675
672
674
671
673
670
672
670
671
669
671
668
670
667
669
666
668
666
667
665
667
664
665
663
664
662
663
661
662
660
661
659
660
658
659
657
658
656
657
654
655
639
655
653
654
622
654
651
652
637
652
650
651
649
650
648
649
647
648
646
647
645
646
644
645
643
644
642
643
641
642
640
641
639
640
637
638
635
638
635
636
633
636
633
634
631
634
631
632
629
632
629
630
627
630
627
628
625
628
625
626
623
626
623
624
588
624
621
622
620
621
619
620
618
619
617
618
616
617
615
616
614
615
613
614
612
613
611
612
610
611
609
610
608
609
607
609
606
608
605
607
604
606
604
605
603
605
602
603
601
602
600
601
599
600
191
600
598
599
597
598
596
597
595
596
199
596
594
595
593
594
592
593
591
592
590
591
589
590
588
589
586
587
571
587
585
586
554
586
583
584
569
584
582
583
581
582
570
582
580
581
579
580
578
579
567
579
577
578
576
577
575
576
574
575
573
574
572
573
571
572
569
570
567
570
567
568
565
568
565
566
563
566
563
564
561
564
561
562
559
562
96
561
559
560
557
560
98
559
557
558
555
558
100
557
555
556
514
556
102
555
553
554
552
553
117
553
551
552
550
551
189
551
549
550
548
549
547
549
546
548
545
547
544
546
544
545
543
545
542
543
541
542
125
542
540
541
539
540
127
540
538
539
537
538
129
538
536
537
535
536
534
536
533
534
532
533
531
532
530
531
529
531
528
530
527
529
526
528
526
527
525
527
524
525
523
524
522
523
521
522
132
522
520
521
519
520
518
519
517
518
516
518
515
517
514
516
513
515
513
514
511
512
496
512
510
511
479
511
508
509
494
509
507
508
506
507
505
506
504
505
503
504
502
503
501
502
500
501
499
500
498
499
497
498
496
497
494
495
492
495
492
493
490
493
490
491
488
491
488
489
486
489
486
487
484
487
484
485
482
485
482
483
480
483
480
481
440
481
478
479
11
479
477
478
476
477
9
477
475
476
474
475
7
475
473
474
472
473
5
473
471
472
470
472
469
471
468
470
3
470
467
469
467
468
466
468
465
466
1
466
464
465
463
464
462
463
461
463
460
462
459
461
458
460
458
459
457
459
456
457
455
456
454
455
453
454
452
453
451
452
450
451
449
450
448
449
447
448
446
447
445
446
444
445
443
444
442
444
441
443
440
442
439
441
439
440
437
438
422
438
436
437
405
437
434
435
420
435
433
434
432
433
431
432
430
431
429
430
428
429
427
428
426
427
425
426
424
425
423
424
422
423
420
421
418
421
418
419
416
419
416
417
414
417
414
415
412
415
412
413
410
413
410
411
408
411
408
409
406
409
406
407
366
407
404
405
403
404
402
404
401
403
400
402
399
401
399
400
398
400
397
398
396
397
395
397
394
396
393
395
392
394
392
393
391
393
390
391
389
390
388
389
387
388
386
387
385
386
384
385
383
384
382
383
381
382
380
381
379
380
378
379
377
378
376
377
375
376
374
375
373
374
372
373
371
372
370
371
369
370
368
370
367
369
366
368
365
367
365
366
363
364
348
364
362
363
331
363
360
361
346
361
359
360
358
359
357
358
356
357
355
356
354
355
353
354
352
353
351
352
350
351
349
350
348
349
346
347
344
347
344
345
342
345
342
343
340
343
340
341
338
341
338
339
336
339
336
337
334
337
334
335
332
335
332
333
291
333
330
331
329
330
328
329
327
328
326
327
325
326
324
325
323
324
322
324
321
323
320
322
319
321
319
320
318
320
317
318
316
317
315
317
314
316
313
315
312
314
312
313
311
313
310
311
309
310
308
309
307
308
306
307
305
306
304
305
303
304
302
303
301
302
300
301
299
300
298
299
297
298
296
298
295
297
294
296
293
295
293
294
292
294
291
292
276
291
289
290
274
290
288
289
257
289
286
287
272
287
285
286
284
285
283
284
282
283
281
282
280
281
279
280
278
279
277
278
276
277
275
276
274
275
272
273
270
273
270
271
268
271
268
269
266
269
266
267
264
267
264
265
262
265
262
263
260
263
260
261
258
261
258
259
221
259
256
257
255
256
254
255
253
254
252
253
251
252
250
251
249
250
248
249
247
248
246
248
245
247
244
246
243
245
243
244
242
244
241
242
240
241
239
240
238
239
237
238
236
237
235
236
234
235
233
234
232
233
231
232
230
231
229
230
228
229
227
228
226
227
225
226
224
225
223
225
222
224
221
223
220
222
220
221
218
219
203
219
217
218
186
218
215
216
201
216
214
215
213
214
212
213
211
212
210
211
209
210
208
209
139
209
207
208
206
207
205
206
204
205
203
204
201
202
199
202
199
200
197
200
197
198
195
198
195
196
193
196
193
194
191
194
191
192
189
192
189
190
187
190
187
188
148
188
185
186
184
185
183
184
182
183
181
182
180
181
179
180
178
179
177
179
176
178
175
177
174
176
174
175
173
175
172
173
171
172
170
171
169
170
168
169
167
168
166
168
165
166
164
165
163
165
162
164
161
163
160
162
160
161
159
161
158
159
157
158
156
157
155
156
154
155
153
154
152
153
151
152
150
151
149
150
148
149
146
147
131
147
145
146
114
146
143
144
129
144
142
143
141
142
140
141
137
141
139
140
138
139
137
138
136
137
135
136
134
135
133
134
132
133
131
132
129
130
127
130
127
128
125
128
125
126
123
126
123
124
121
124
121
122
119
122
119
120
117
120
117
118
115
118
115
116
77
116
113
114
112
113
111
113
110
112
109
111
108
110
108
109
107
109
106
107
105
106
104
105
103
104
102
103
101
102
100
101
99
100
98
99
97
98
96
97
95
96
94
95
93
94
92
93
91
92
90
92
89
91
88
90
87
89
87
88
86
88
85
86
84
85
83
84
82
83
81
82
80
81
79
80
78
79
77
78
75
76
60
76
74
75
43
75
42
74
72
73
58
73
71
72
70
71
69
70
68
69
67
68
66
67
65
66
64
65
63
64
62
63
61
62
60
61
58
59
56
59
56
57
54
57
54
55
52
55
52
53
50
53
50
51
48
51
48
49
46
49
46
47
44
47
44
45
0
45
41
43
40
42
40
41
39
41
38
39
37
38
36
38
35
37
34
36
33
35
33
34
32
34
31
33
30
32
29
31
29
30
28
30
27
29
26
28
25
27
25
26
24
26
23
24
22
23
21
22
20
21
19
21
18
20
17
19
16
18
16
17
15
17
14
15
13
14
12
13
11
12
10
11
9
10
8
9
7
8
6
7
5
6
4
5
3
4
2
3
1
2
0
1
